N = 4
k0 =  6.28318530717959E+00
lambda0 =  1.00000000000000E+00
freq =  2.99792458000000E+08
omega =  1.88365156730885E+09
Gamma+ = ( 0.00000000000000E+00,  0.00000000000000E+00)
Gamma- = ( 0.00000000000000E+00,  0.00000000000000E+00)

Layer 1:
z+ =  1.00000000000000E+01:
z- =  0.00000000000000E+00:
mu = ( 1.00000000000000E+00,  0.00000000000000E+00)
eps = ( 1.00000000000000E+00,  0.00000000000000E+00)
k = ( 6.28318530717959E+00,  0.00000000000000E+00)
eta = ( 3.76730313461771E+02,  0.00000000000000E+00)

Layer 2:
z+ =  0.00000000000000E+00:
z- = -2.00000000000000E-01:
mu = ( 3.20000000000000E+00,  0.00000000000000E+00)
eps = ( 6.50000000000000E+00,  0.00000000000000E+00)
k = ( 2.86557339143606E+01,  0.00000000000000E+00)
eta = ( 2.64331474030158E+02,  0.00000000000000E+00)

Layer 3:
z+ = -2.00000000000000E-01:
z- = -5.00000000000000E-01:
mu = ( 6.00000000000000E+00,  0.00000000000000E+00)
eps = ( 4.20000000000000E+00,  0.00000000000000E+00)
k = ( 3.15413399149403E+01,  0.00000000000000E+00)
eta = ( 4.50278848653023E+02,  0.00000000000000E+00)

Layer 4:
z+ = -5.00000000000000E-01:
z- = -1.00000000000000E+01:
mu = ( 1.00000000000000E+00,  0.00000000000000E+00)
eps = ( 1.00000000000000E+00,  0.00000000000000E+00)
k = ( 6.28318530717959E+00,  0.00000000000000E+00)
eta = ( 3.76730313461771E+02,  0.00000000000000E+00)

