N = 3
k0 =  9.92604313930424E+06
lambda0 =  6.33000000000000E-07
freq =  4.73605778830964E+14
omega =  2.97575287094606E+15
Gamma+ = ( 0.00000000000000E+00,  0.00000000000000E+00)
Gamma- = ( 0.00000000000000E+00,  0.00000000000000E+00)

Layer 1:
z+ =  2.00000000000000E-06:
z- =  0.00000000000000E+00:
mu = ( 1.00000000000000E+00,  0.00000000000000E+00)
eps = ( 1.00000000000000E+00,  0.00000000000000E+00)
k = ( 9.92604313930424E+06,  0.00000000000000E+00)
eta = ( 3.76730313461771E+02,  0.00000000000000E+00)

Layer 2:
z+ =  0.00000000000000E+00:
z- = -5.00000000000000E-08:
mu = ( 1.00000000000000E+00,  0.00000000000000E+00)
eps = (-1.17530000000000E+01, -1.25960000000000E+00)
k = ( 1.82088944460442E+06, -3.40777878258815E+07)
eta = ( 5.84667991456333E+00,  1.09420106863004E+02)

Layer 3:
z+ = -5.00000000000000E-08:
z- = -2.00000000000000E-06:
mu = ( 1.00000000000000E+00,  0.00000000000000E+00)
eps = ( 2.30130000000000E+00,  0.00000000000000E+00)
k = ( 1.50578434299132E+07,  0.00000000000000E+00)
eta = ( 2.48338439744734E+02,  0.00000000000000E+00)

